00000000100100000000001010010011
00000000110100000000001100010011
0100001100011101
0110001010000101
00000000001000000000001000010011
0000001000000101
0110000101000001
0000000001100000
0000001000001010
1000000000011001
00000000100000101010001000110011
1000010000110001
00000000001100000000010010010011
1000100010010101
1000001110100110
1001010010011110
00000000101100000000010100010011
00000001001000000000010110010011
1000110101101101
1000110111000001
1000110000101001
00000000001100000000011000010011
1000111000001001
0000000000000001