00000000011000000000010000010011
00000000100000000000010010010011
00000001000000000000010100010011
00000001000100000000010110010011
1100010001000100
00000000101001001010001000100011
00000000101101000000100100100011
00000000101101001001101000100011
00000000010100000000010100010011
00000000101000000000010010010011
0100000010001000
0100010001000100
00000000001001001010011110000011
00000001001001000001100000000011
00000001010001001000100010000011
00000000010100000000010110010011
1100010000101110
0100010100100010
00000000000000000000000000010011
