00000000110100110000001100010011
00000000110000010000010000010011
00000010000000010000000100010011
00000000000000000000000000010011
00000000010100000000001110010011
00000000110001001010010000000011
00000001010000010010010110000011
00000000111101001010010000100011
00000100011100010010000000100011
00000000100000000000000001101111
00000000100000000000000011101111
00000000000000111000000001100111
00000000000000111000000011100111
00000000000000010111001100110111
00000000001001011001010110010011
00000000001101011101010110010011
01000000001101011101010110010011
00000000010101011111010110010011
00000000101100000000000110110011
00000000101101100000011000110011
00000000101101100111011000110011
00000000101101100110011000110011
00000000101101100100011000110011
01000000101101100000011000110011
00000000000001010000010001100011
00000000000001011001011001100011